1
1
29
1.178190 -0.236798 0.396702 -0.075174 -0.044550 -0.909179 0.259300 0.057455 0.341844 0.214826 0.383337 -1.130951 -0.515765 -0.219886 0.948829 0.099073 -0.052335 -0.261360 -0.321069 0.318534 0.372489 0.245341 -0.054020 1.118046 -1.665782 -1.113746 -0.631009 0.273989 0.602150 
-0.002272 0.040040 -0.019675 -0.033564 0.015028 0.134602 0.009214 0.014093 -0.092698 -0.167974 -0.070802 -0.139235 0.027081 -0.039493 -0.105502 -0.133877 0.169850 0.209272 -0.003295 0.143843 0.134113 0.061406 -0.176095 -0.058849 0.136861 0.358924 0.171329 -0.009405 -0.020357 
-0.052031 0.123157 0.033384 0.011092 0.027290 0.008890 -0.010291 0.001431 -0.056754 0.089734 0.051696 0.011290 -0.092254 0.019861 -0.070913 0.057394 -0.062757 -0.119715 -0.050682 -0.111469 -0.066208 -0.022475 0.051990 0.116781 -0.094705 -0.020225 0.174672 -0.144288 -0.192957 
-0.043845 0.084982 0.009376 0.060684 -0.007117 -0.035235 0.084007 -0.100991 0.090425 0.084403 0.057265 0.124723 -0.075400 0.009674 -0.174714 -0.008246 0.037450 -0.035935 -0.088885 -0.060108 -0.024309 -0.079540 -0.010362 0.282069 0.098569 0.150629 0.064125 0.037120 0.027589 
-0.030297 0.022595 -0.008377 -0.010586 0.067288 0.058709 -0.026730 0.012600 -0.061505 -0.018189 -0.066594 0.065541 -0.021511 0.009177 -0.005250 -0.076237 0.025151 -0.020836 -0.013157 0.031324 -0.058733 -0.076554 0.093648 -0.120536 0.060671 0.109539 -0.040047 0.020493 0.017397 
-0.041048 -0.009078 -0.025369 0.000344 -0.008295 0.156940 -0.033359 0.015168 0.016856 -0.019118 -0.101854 0.107792 0.087191 0.009821 0.050366 0.002104 0.042880 0.109768 -0.054303 0.062200 -0.052648 -0.005797 0.035029 -0.247872 0.114343 0.076097 0.075503 0.055045 -0.087662 
-0.029662 0.038231 0.007726 0.010836 0.035539 0.021129 0.006074 -0.009450 -0.067383 0.047631 0.027516 0.109756 -0.020474 0.014813 -0.034555 0.058647 0.004569 -0.047315 -0.038946 -0.058860 -0.107257 -0.029573 -0.033707 -0.013778 0.060623 -0.103679 0.051600 -0.146882 -0.091217 
0.001778 -0.008037 -0.029538 -0.034221 0.007626 -0.001068 -0.083861 0.040845 0.068100 -0.081470 -0.089753 0.072499 0.063760 0.027847 0.011506 -0.019598 0.003634 0.115068 0.019959 -0.006057 -0.076314 0.023871 0.007875 -0.313823 0.014172 0.053123 -0.238727 0.049299 -0.098853 
0.005204 -0.027598 0.000236 -0.003826 -0.011174 0.009606 0.046423 0.008060 0.012423 -0.023328 -0.012641 0.005892 -0.008843 -0.004562 0.081287 0.000786 -0.009013 -0.012136 0.051352 -0.006427 -0.026353 0.047212 0.037618 0.008346 -0.008993 0.020054 -0.034135 0.005404 0.038800 
-0.044899 -0.010136 -0.017364 -0.003971 -0.010977 0.048464 0.015266 -0.006104 -0.038269 0.087863 -0.007843 0.050730 0.025176 0.018550 -0.018413 0.021693 0.038364 0.044339 0.040460 0.028164 0.019753 0.042163 -0.035208 -0.046904 -0.019616 0.001690 0.040352 0.037208 -0.020955 
0.027423 -0.006101 0.001922 0.000008 -0.003737 -0.039667 -0.004998 0.010356 0.034775 -0.000138 0.029730 -0.047608 0.002820 -0.010748 0.063292 0.006420 -0.023927 -0.020924 0.051182 -0.052582 -0.010762 0.012118 0.005868 0.009112 0.025786 -0.098895 -0.052675 0.021886 -0.022471 
-0.043811 0.004649 -0.010474 0.005155 -0.009165 0.022731 -0.019270 -0.008440 -0.022679 -0.021885 0.008017 0.135627 0.048840 0.009316 -0.087751 0.030670 0.012533 -0.016007 0.037142 -0.010174 -0.000326 0.047551 -0.058480 -0.042000 0.067959 0.006367 0.088867 0.001304 -0.008971 
-0.018872 -0.022329 -0.005684 -0.005327 -0.001468 -0.017213 0.000536 0.013466 -0.011321 -0.014021 -0.008060 0.014056 0.016882 -0.003744 0.046407 0.046862 -0.026027 -0.049796 0.032861 0.009942 -0.032336 0.011074 0.019263 -0.061294 -0.000344 0.047225 0.027670 0.016617 0.070113 
0.045589 0.225605 -0.019476 0.070958 -0.111492 -0.005663 -0.491919 -0.101942 0.592269 -0.070229 0.094774 0.105735 -0.401951 1.250728 0.207899 0.310085 -0.418212 0.047079 -0.357830 -0.224033 -0.507325 -0.087109 0.124829 -0.073918 -0.110527 -0.222353 0.281434 -0.595874 -0.885721 
0.004266 0.016569 -0.000633 0.015706 0.027445 -0.022721 0.087216 0.000633 -0.102883 -0.071311 0.016895 0.033997 -0.146969 -0.001742 0.287972 -0.066012 -0.062924 -0.051042 0.122806 -0.057385 -0.092634 0.007665 0.077372 -0.003793 0.098186 -0.041816 -0.296100 -0.041619 -0.020494 
-0.011548 -0.061275 -0.005296 0.004336 0.024253 -0.004440 0.084387 -0.018858 -0.061609 0.116404 -0.002204 0.023931 0.024990 -0.063596 -0.004164 0.133868 0.064709 0.069216 -0.057630 0.011459 -0.195431 -0.199696 0.249853 -0.172393 0.022225 -0.041552 -0.156899 0.077343 -0.086069 
0.000952 -0.050895 0.003816 -0.001375 -0.008115 0.063002 0.087454 -0.006226 -0.035087 0.076079 -0.029078 -0.041102 -0.006443 -0.061092 -0.046199 0.099809 0.256654 0.014349 -0.039433 0.018181 -0.109970 -0.119886 0.176845 -0.008523 0.038619 -0.117086 0.079733 0.126793 -0.087256 
0.000545 0.025981 0.003166 -0.010784 -0.007842 -0.048097 -0.012885 0.003621 -0.039290 -0.065430 -0.000226 -0.048413 -0.033185 -0.036035 -0.017898 -0.003655 -0.003373 0.018496 0.020032 0.018497 0.081762 0.011554 -0.032558 0.042792 -0.020480 -0.025144 0.065850 0.066265 0.052737 
0.008223 -0.010820 0.021117 -0.002868 0.009706 -0.019797 0.026165 0.004483 -0.057373 -0.081450 0.017551 -0.093685 0.037188 -0.041335 0.036066 0.046905 0.035527 -0.020427 0.198075 -0.031497 0.001706 0.003811 -0.043771 -0.072993 0.014363 0.142592 0.084615 0.018205 0.037997 
-0.010279 -0.047287 -0.003597 -0.008290 0.017457 0.028405 0.035488 -0.003429 -0.067165 0.053112 -0.024495 -0.027130 0.021227 -0.040164 0.024135 -0.006415 0.104486 0.006267 -0.074490 0.165295 0.019251 -0.022439 0.103739 -0.170859 -0.006669 0.007715 0.055650 0.063917 0.002853 
0.000106 0.009700 0.008390 -0.015848 -0.008931 -0.019228 -0.055781 0.022889 -0.004662 -0.021436 -0.001541 -0.123325 -0.025656 -0.000591 -0.071965 0.030876 -0.043232 -0.073269 0.006962 -0.058906 0.236150 0.052469 -0.216510 0.096593 0.000889 0.037240 0.189346 0.029816 0.039540 
0.008582 0.015558 -0.009988 -0.006308 -0.016262 -0.019271 -0.066180 0.002974 -0.015356 -0.063729 0.012392 0.020550 0.013831 0.007027 0.003460 -0.000526 -0.033748 -0.022614 0.031004 -0.025089 0.010063 0.129140 -0.107572 0.022331 0.023471 -0.043116 -0.002874 -0.000048 0.062383 
-0.005161 0.000534 -0.002301 -0.006643 -0.009360 0.037560 0.025629 0.014859 0.025478 0.006850 -0.003032 -0.011095 0.022745 -0.029114 0.007136 -0.019655 -0.046037 -0.034388 -0.003910 0.058936 0.066052 -0.001879 0.110425 0.023561 0.020702 0.035565 -0.017950 0.025709 -0.066577 
0.002813 -0.001623 -0.010346 0.006877 0.000884 -0.011389 -0.028283 -0.006037 -0.013695 0.024744 -0.012963 -0.027073 -0.024642 0.014117 -0.007283 0.010882 -0.037645 -0.000972 -0.025528 -0.040242 0.007078 0.049614 -0.093587 0.140466 -0.021683 -0.020684 -0.006657 -0.028977 0.078984 
-0.002936 -0.014491 0.028691 -0.007069 -0.008126 -0.000012 -0.014138 0.015907 -0.080353 0.010876 0.018984 -0.033573 0.013873 -0.042795 -0.029403 -0.001232 0.030805 -0.027626 0.049853 0.015693 0.025410 0.012256 -0.057574 -0.005911 0.078125 0.064527 0.039392 0.000781 -0.022965 
0.000724 -0.010556 -0.003300 -0.008751 0.000747 -0.011536 0.034800 0.004888 0.051583 -0.013728 0.006056 0.001938 -0.002666 -0.013691 -0.024274 0.017703 0.028585 -0.013006 0.029932 0.024047 0.000329 -0.062451 -0.032118 0.059285 -0.026047 0.079063 -0.001945 0.053637 -0.008813 
-0.086592 -0.138519 -0.099641 -0.241384 -0.041240 -0.019781 0.039733 0.010295 -0.059565 -0.076636 0.091412 -0.004871 0.384712 -0.010301 -0.100041 0.248901 0.171866 -0.381943 -0.348990 0.129309 0.078201 -0.137659 0.054449 -0.126482 0.040172 -0.313146 3.666453 0.040656 -0.392100 
0.008858 -0.078537 -0.014995 0.014888 -0.026701 0.002462 0.010250 0.006017 0.085542 -0.032491 0.083927 0.022098 0.089032 0.037918 0.050775 0.067361 -0.073364 -0.126953 0.113483 0.019359 0.047227 -0.054332 0.254195 0.133124 -0.142142 -0.101574 -0.010575 0.608328 0.107832 
0.014793 -0.093104 -0.026582 -0.001045 -0.040799 -0.030026 -0.018524 -0.009960 -0.023580 -0.024189 -0.001638 0.127787 -0.042793 0.031445 0.000250 -0.034489 0.200961 0.014281 0.046109 -0.014730 -0.030968 -0.027346 -0.068654 -0.073560 0.085512 -0.003607 -0.367769 -0.032388 0.573640 
1.134665 -0.019999 -0.003116 0.004918 -0.028532 -0.078358 -0.007408 -0.042750 -0.005093 -0.056317 0.029759 -0.050879 -0.023635 0.137258 0.026918 -0.040651 -0.012487 -0.000842 0.006045 -0.016753 0.010191 0.011012 -0.000838 0.000478 -0.001367 -0.000655 -0.125077 0.012646 -0.018261 
1.0 1.0 1.0 1.0 1.0 1.0 1.0 1.0 1.0 1.0 1.0 1.0 1.0 1.0 1.0 1.0 1.0 1.0 1.0 1.0 1.0 1.0 1.0 1.0 1.0 1.0 1.0 1.0 1.0 
